0.000000 0.000000 0.000000 -0.000296 0.000106 0.111078
1.035757 0.120840 -0.000000 -0.000000 0.000000 0.103358
2.123843 0.220194 0.000000 0.000000 -0.000000 0.100674
3.226398 0.330128 -0.000000 0.000000 0.000000 0.099359
4.441540 0.441477 -0.000000 -0.000000 -0.000000 0.096205
5.473889 0.534342 0.000000 0.000000 0.000000 0.095328
6.497413 0.623919 -0.000000 0.000000 0.000000 0.092591
7.613986 0.722685 -0.000000 0.000000 0.000000 0.090557
8.681941 0.811238 -0.000000 0.000000 0.000000 0.089254
9.784937 0.907645 -0.000000 -0.000000 -0.000000 0.086736
10.797640 1.225396 0.000000 0.000000 0.000000 0.311995
11.216496 1.547862 -0.000000 0.000000 0.000000 0.512735
11.568418 1.967353 0.000000 -0.000000 -0.000000 0.724413
11.747400 2.486110 0.000000 -0.000000 -0.000000 1.014659
12.141534 3.557542 0.000000 -0.000000 -0.000000 1.226130
12.134995 4.114550 0.000000 -0.000000 0.000000 1.453258
12.009909 4.648111 -0.000000 0.000000 -0.000000 1.675206
11.777407 5.107554 0.000000 0.000000 -0.000000 1.917572
11.452116 6.181079 -0.000000 -0.000000 0.000000 1.829502
11.238262 7.230761 0.000000 0.000000 -0.000000 1.779942
11.111220 8.336828 -0.000000 0.000000 -0.000000 1.699103
11.001927 9.420328 0.000000 0.000000 -0.000000 1.678589
10.919361 10.500833 0.000000 -0.000000 0.000000 1.654792
10.852742 11.575000 0.000000 -0.000000 0.000000 1.633324
10.817025 12.648256 -0.000000 0.000000 -0.000000 1.610910
10.798217 13.737000 -0.000000 -0.000000 0.000000 1.588428
10.812006 14.841420 -0.000000 0.000000 -0.000000 1.564477
10.853095 15.929025 0.000000 0.000000 -0.000000 1.542684
10.907343 17.002319 -0.000000 -0.000000 0.000000 1.519087
10.988671 18.083366 -0.000000 -0.000000 0.000000 1.498870
11.104070 19.150084 0.000000 0.000000 -0.000000 1.477197
11.218119 20.165009 0.000000 -0.000000 0.000000 1.450353
11.388474 21.190931 -0.000000 -0.000000 0.000000 1.378528
11.582343 21.417803 -0.000000 -0.000000 -0.000000 1.167239
11.926620 21.698303 -0.000000 0.000000 0.000000 0.857793
12.792354 22.302723 0.000000 0.000000 0.000000 0.602282
13.849852 22.745846 -0.000000 0.000000 0.000000 0.396313
14.910687 23.117369 0.000000 -0.000000 -0.000000 0.357376
16.018316 23.494719 -0.000000 -0.000000 -0.000000 0.322258
17.100859 23.807585 0.000000 -0.000000 -0.000000 0.290343
18.199854 24.101351 -0.000000 0.000000 0.000000 0.260964
19.223444 24.341429 -0.000000 0.000000 0.000000 0.238573
19.743166 24.709661 -0.000000 0.000000 0.000000 0.571203
19.855328 25.036821 0.000000 -0.000000 -0.000000 0.798862
19.922577 25.292500 0.000000 -0.000000 -0.000000 1.003102
19.949024 25.686451 -0.000000 0.000000 0.000000 1.249215
19.896471 26.066706 0.000000 -0.000000 0.000000 1.514097
19.703953 26.416544 0.000000 0.000000 -0.000000 1.798942
19.451769 26.680408 -0.000000 -0.000000 0.000000 2.042527
19.178133 26.859020 0.000000 -0.000000 0.000000 2.288248
18.886032 26.941460 0.000000 -0.000000 0.000000 2.514715
18.494984 26.990425 0.000000 0.000000 -0.000000 2.797025
18.077692 26.917850 -0.000000 -0.000000 -0.000000 3.068825
16.838331 26.774405 0.000000 0.000000 0.000000 -3.067582
15.706791 26.654060 0.000000 -0.000000 -0.000000 -3.028357
14.656905 26.492153 0.000000 -0.000000 -0.000000 -2.996320
13.601549 26.310068 -0.000000 0.000000 0.000000 -2.963578
12.557650 26.085224 -0.000000 -0.000000 -0.000000 -2.930758
11.525196 25.835106 0.000000 -0.000000 -0.000000 -2.900104
10.473209 25.547840 0.010966 0.000901 -0.000658 -2.868766
9.426874 25.220783 0.000003 -0.000000 -0.000000 -2.858094
8.343283 24.989132 0.010446 0.000735 -0.000479 -2.910014
7.316582 24.781574 0.006996 0.000357 -0.000275 -2.935818
6.242497 24.594080 0.002913 0.000128 -0.000098 -2.961001
5.162639 24.432251 0.003815 0.000138 -0.000110 -2.984246
4.074864 24.290625 0.000001 -0.000000 0.000000 -3.015246
3.402332 23.976439 0.002140 0.000050 -0.000061 -2.746413
2.377851 23.452848 0.007741 0.000122 -0.000187 -2.687700
1.413763 23.001734 0.000004 -0.000000 -0.000000 -2.693455
0.416412 22.552868 0.003448 0.000037 -0.000061 -2.719097
-0.134955 22.529991 0.000000 0.000000 0.000000 -2.937536
-1.224460 22.478439 -0.000000 -0.000000 0.000000 -3.069331
-2.293602 22.439754 -0.000000 0.000000 0.000000 -3.091160
-3.390770 22.378670 -0.000000 -0.000000 -0.000000 -3.083660
-4.487176 22.257353 -0.000000 0.000000 0.000000 -3.047902
-5.523316 22.023806 -0.000000 -0.000000 -0.000000 -2.941241
-6.576607 21.834303 0.000000 0.000000 0.000000 -2.973999
-7.670126 21.687349 0.000000 0.000000 0.000000 -3.002895
-8.761012 21.564468 -0.000000 0.000000 0.000000 -3.032276
-9.831496 21.487473 -0.000000 -0.000000 -0.000000 -3.056993
-10.927780 21.432999 -0.000020 -0.000000 0.000000 -3.086021
-11.979718 21.380013 -0.000000 -0.000000 0.000000 -3.075775
-13.083382 21.270771 0.000001 0.000000 0.000000 -3.050700
-14.165329 21.152218 -0.000001 0.000000 0.000000 -3.024731
-15.211896 20.991211 -0.000000 0.000000 0.000000 -3.002466
-16.293478 20.847572 0.000000 -0.000000 0.000000 -2.993362
-17.361271 20.679564 -0.000000 0.000000 0.000000 -2.983973
-18.419260 20.510351 0.000000 0.000000 0.000000 -2.978108
-19.490137 20.330681 -0.000000 -0.000000 -0.000000 -2.973902
-20.559324 20.144716 0.000000 -0.000000 -0.000000 -2.964237
-21.621569 19.943974 -0.000000 0.000000 0.000000 -2.960917
-22.681503 19.744528 0.000000 -0.000000 -0.000000 -2.957117
-23.781586 19.545650 0.000000 -0.000000 -0.000000 -2.959497
-24.750113 19.232298 -0.000000 0.000000 0.000000 -2.861969
-25.642200 18.715969 0.000000 0.000000 0.000000 -2.592988
-25.853891 18.203245 -0.000000 0.000000 0.000000 -2.209865
-25.922316 17.651360 0.000000 -0.000000 -0.000000 -1.856136
-26.071522 16.484896 0.000000 -0.000000 0.000000 -1.620764
-26.060863 15.403154 0.000000 -0.000000 0.000000 -1.579206
-26.015665 14.239561 -0.000000 0.000000 -0.000000 -1.535958
-25.927343 13.062396 0.000000 -0.000000 0.000000 -1.488466
-25.795456 11.984218 -0.000000 0.000000 -0.000000 -1.448514
-25.612671 10.914073 0.000000 0.000000 -0.000000 -1.405919
-25.379267 9.834688 -0.000000 -0.000000 0.000000 -1.366718
-25.122591 8.772202 -0.000000 0.000000 -0.000000 -1.330411
-24.830853 7.756718 0.000011 0.000000 -0.000000 -1.279585
-24.725481 6.638038 -0.000000 -0.000000 -0.000000 -1.439685
-24.616175 5.559231 -0.000009 -0.000000 -0.000000 -1.466834
-24.533146 4.479212 0.000000 0.000000 -0.000000 -1.489774
-24.476128 3.382354 -0.000000 -0.000000 0.000000 -1.518746
-24.462675 2.293216 -0.000000 -0.000000 0.000000 -1.546048
-24.470501 1.217422 -0.000000 0.000000 -0.000000 -1.570327
-24.499775 0.116199 0.000000 -0.000000 0.000000 -1.593915
-24.512255 -0.977449 -0.000000 0.000000 -0.000000 -1.593251
-24.305441 -2.014768 0.000000 0.000000 -0.000000 -1.404317
-24.037716 -3.075604 -0.000000 0.000000 -0.000000 -1.308786
-23.427225 -3.996813 -0.000000 -0.000000 0.000000 -0.995163
-22.941832 -4.200464 -0.000000 -0.000000 0.000000 -0.646741
-22.332283 -4.283348 0.000000 -0.000000 0.000000 -0.347628
-21.209267 -4.371771 -0.000000 -0.000000 -0.000000 -0.064429
-20.451975 -4.201843 0.000000 -0.000000 -0.000000 0.177210
-19.372963 -3.930131 -0.000000 0.000000 0.000000 0.232557
-18.316801 -3.664065 0.000000 0.000000 0.000000 0.241623
-17.261187 -3.520347 0.000000 -0.000000 -0.000000 0.167595
-16.160954 -3.368480 -0.000000 0.000000 0.000000 0.145558
-15.071489 -3.239795 0.000000 -0.000000 -0.000000 0.123073
-13.996718 -3.129882 0.000000 -0.000000 -0.000000 0.098071
-12.909401 -3.060721 -0.000000 -0.000000 -0.000000 0.075223
-11.841765 -3.012273 0.000000 0.000000 0.000000 0.051283
-10.777688 -2.986465 0.000000 -0.000000 -0.000000 0.032086
-9.685589 -2.977597 -0.000000 0.000000 0.000000 0.008983
-8.589218 -2.993598 0.000000 -0.000000 -0.000000 -0.013949
-7.495077 -2.959203 -0.000104 0.000002 0.000002 0.052986
-6.417518 -2.851548 -0.000089 0.000002 0.000001 0.097167
-5.348723 -2.698651 -0.000058 0.000001 0.000001 0.137296
-4.294060 -2.507433 -0.000036 0.000001 0.000000 0.179898
-3.248444 -2.269391 0.000000 -0.000000 -0.000000 0.216674
-2.188102 -1.983625 0.000000 0.000000 0.000000 0.258422
-1.140590 -1.724228 -0.000023 0.000001 0.000000 0.233568
-0.062297 -1.515755 -0.000012 0.000000 0.000000 0.197892
1.003405 -1.312640 -0.001415 0.000026 0.000004 0.173762
2.076176 -1.174254 -0.001248 0.000024 0.000006 0.148565
3.134486 -1.028239 0.003809 -0.000070 -0.000044 0.123726
